11985576
14547263
5637750
7961708
11804932
4565553
6559290
25282455
35234108
32322894
18439276
36786509
27281883
20156771
34027083
23028547
20429974
13928554
30639761
32674120
31816284
26175810
18401524
13296489
29974410
18785793
24796365
11825251
14999559
18778042
7756495
26077555
16596517
23656058
13280718
34050763
27929320
33115996
11598464
37839590
14008178
16528827
23021016
28177520
11431255
31494905
20567616
24491309
11528352
36181637
5223272
34739289
30137279
12314267
33391203
16870738
27262956
10766384
31703809
31241489
18096699
17043421
20323151
21458356
31658008
14629076
33961329
25338426
38270895
16159399
12687870
14951386
16893367
23537784
11330568
28408118
5987490
8237990
33174684
14720966
28323813
28220082
14831578
11306573
14854100
5753502
25683417
12581613
13862778
13935574
17210724
26625578
10176354
12400277
25987734
16129922
24171541
26568026
6514308
10088692
6029510
30062978
11198472
17642284
21729502
14679656
11987024
23511867
8651757
10400891
16110214
23102436
13943976
16007842
14614792
20318577
12270416
22680890
5595289
34319363
33435329
22440461
8185472
27632945
23705210
30257084
8134730
16085345
38267139
5751886
10145247
20045351
34559740
38027835
12802297
11890677
37993415
39373253
27147054
35357667
10113456
24039587
14362123
14097988
31555446
17614426
33931645
25708797
12917635
10090551
24592415
37142819
13385684
18028895
12462233
16304762
21832994
33466409
20426917
17073366
14778094
38152001
28167369
36157277
18415525
32421856
39387433
6702415
12355400
16894809
17265775
18178932
35865411
33575377
13401105
23603887
11201546
8301643
29246892
13220986
13687780
11003838
7326414
23036160
11600080
10983290
23025177
8287460
23284857
16259137
6302194
24342057
17850273
14051288
14101259
33909913
23694071
31379172
21527820
16578445
18434024
25231729
26491332
24012031
38358440
17912584
28330832
29246041
24903482
27225520
39373640
34295381
34516454
13452641
21755981
24110369
30410719
31748131
35972604
13708252
27500013
27575603
25770725
32674032
29024696
38068678
11799632
30365689
33718431
31523180
29736016
27924630
26613348
35072895
29094543
17186966
22489681
27083909
11455525
18552355
23768938
6371899
26471899
30800450
20839525
37276050
22848729
23804376
37360435
5170236
31691675
13678605
37332027
23782836
31559691
23831831
18520701
12988861
4441835
39115085
17557331
21986431
13244947
39211731
34211332
32484639
40891002
37007645
20406173
8425038
14011892
27460881
12553711
4317713
12153209
11256093
16941579
12498400
11023712
22884527
14632148
22256236
34982637
16124077
11702558
5440051
16558754
8591920
10112125
24597613
20863163
12012017
32477538
10497589
17304662
37183702
11369499
29555490
35325617
12087679
14384585
13978403
14390527
31304223
29868104
36806781
28799983
17365124
22629793
6380234
8572698
36946700
20037540
12300234
21888868
30646408
27755593
12708219
13466844
28408741
37541853
25128305
14680943
17677878
18767444
14264494
8586655
13279958
29272642
17086435
21482966
17801977
17860345
10424511

26191531
12636952
28131352
16878067
18189395
38699810
5251556
22213276
13386991
18386520
14816140
30780637
17540816
28693160
17453945
18004293
7616390
10134530
10462804
25345347
13923482
28282145
21493397
6238015
14255290
23884098
18078371
25833450
11231426
4137553
33899462
18769211
10278224
14153373
28747474
16245790
33787836
23098363
35804383
13386630
23249332
31574662
16580969
23329880
10265198
13783232
5797336
16181228
17753324
11998420
14816248
11454275
24142856
18053296
33080958
14824925
13741013
6422841
28632426
32550903
13432959
11245691
10263661

11181436
11399161
14682340
23986971
13799750
16114602
11799673
24911189
17677852
12667795
21484655
5974258
18127425
12151732
21992228
14497862
16785091
23471774
21668556
21110350
12230443
23205575
17945155
22885686
26418739
12976684
35095171
25130549
16878169
33186629
23191462
20314977
37940720
17225078
11912798
16033381
10534009
13654661
14569244
33293866
13890029
20272771
36721313
35226870
16919244
12129725
8007731
16246261
23091338
20682865
34587556
21930522
16185314
23604852
20015561
35994807
31912517
11320389
14679298
18727172
175283029
16738059
17200248
14800992
23680297
30786683
18895338
22504949
30198815
22362288
22303758
25464473
10823231
10828252
13432193
30021530
33174380
24247191
34869047
10810813
28323668
16208525
35113093
20647673
11564616
24640964
16691832
25213700
12529160
17058707
32268374
20205299
20987932
17224766
22912761
22472073
33503724
28696272
22223769
10810511
20026848
13778436
20011751
20198307
16732211
31088725
16528599
12604390
10785351
23798782
18059511
14033909
12546747
23678843
35905439
12317606
21089335
23549074
14151453
25758041
18412427
4983595
14471314
11860647
12481797
22094266
29212186
30770692
33141174
29129890
30081836
8577794
17686178
12274569
13610480
29051620
25216917
27601086
12403551
30984973
13265984
11647966
25998327
12927494
14919835
17512533
31601886
22433667
22700214
18525083
17329016
18130563
24548689
21173708
21982276
23452747
32673612
11294690
17767620
32191767
16226344
17838995
25999688
30708249
17494448
7605703
10602808
5609864
22073931
12258986
17801259
12795161
13427460
35019821
33633034
36494404
12739408
17213616
17800695
32094153
11573817
16762474
29730532
8426254
31433851
28380504
30459463
29645438
11907514
7401166
16215101
18292816
17143180
11572984
14739128
10859514
17613094
11786002
33067707
35359859
25422387
16454668
21339362
12015048
23532910
22910934
23768848
8234641
14198719
23516690
14903153
23891246
8309775
23532256
13971191
22656701
12070949
30495369
23328802
39599009
33120644
21055552
28435475
14187427
20387581
14246661
10967532
13290531
16584162
24414882
16348013
6163859
36836902
14633230
17172994
24080835
7389223
13255635
16946046
16057011
5987533
8643311
6496716
5751967
20185324
13362027
5944384
38989452
16722647
8235405
16231349
9985358
25710093
30393167
16060468
6021539
10607540
30495369
28034203
20008294
17922734
25107718
13213824
11027440
5535237
22222277
18127415
14534564
34757197
37066037
23111532
38615694
25568999
25523456
30326392
31029721
21851256
22231661
40543058
28031646
16601036
36247211
12573033
40936631
29723489
24856293
21707458
3177807
34981747
10983262
32332361
20993574
35945634
22366444
36029942
29134144
36929629
23472607
31695610
17227510
23471788
6679518
24425619
31251572
11628365
18259671
1401890
24445000
24592213
31549805
11175063
16629582
12900829
24560215
8511107
14864179
32967892
18303768
21478420
14187917
25498491
5089484
23521985
11735130
20494145
33935290
39001174
34513464
24956492
34374688
35179254
16558433
34445474
13765673
22116089
17635895
22285618
6258343
32835525
34867377
13965746
32897333
32897332
18467257
21558642
22098521
28645649
22755932
12093026
17739390
17331805
18100151
14927056
33443707
16972947
24183141
14239372
13807396
25079630
22858885
31641642
26063459
24228703
17652294
26162459
23340843
23289850
12975781
20602946
18418988
14029087
35268767
35203711
17674512
23405681
20647557
92008140
12798170
35900972
18169987
38070323
16073286
39068319
20039610
14251581
33457274
35324567
13728231
29986168
37121228
31344771
21473577
16603025
22148043
12180509
231384680
33950636
24111531
26992697
24926803
18794228
14156195
39244152
22934439
12067958
22136674
24366989
16868487
16737281
29186132
27161963
39757018
7607652
26084015
21743320
17622234
34933435
349016671
14022772
93951066
14575417
25448195
23008737
11892018
16929554
12012248
17730130
35171381
28749501
14050587
36846189
18817128
33155998
17094384
10747658
21098992
26084709
27217278
26110164
38789319
24184942
23066875
16937105
38027183
34367139
10846500
31064468
16112450
39641900
30650563
17731126
22708714
13081169
13491922
27273188
40233112
31523435
23124965
18335064
16510281
16881613
35725849
18602124
24942821
16454534
3226798
32036475
21029738
31596739
13141678
21586344
20015672
38613094
28664147
13765465
6259934
7924197
10465006
12415070
8227881
11981023
22974249
35317616
33087827
25316767
22387004
10102983
11807123
12715805
10354102
16144266
5837132
46713621
1633125
1358725
847654
401447
4059953
418572
274120
5772899
151426
2193716
1653207
4222634
2627985
39243351
4257068
2585399
4389790
4183183
231598
4026005
4800450
463569
3440260
4512485
4144893
4777241
958494
3427327
1737962
4065293
3089386
4057941
2220151
4793336
2142602
421004
4327576
2797249
232640
1674493
4871705
102105
4023450
3362712
411504
4346148
352021
10130022
4104354
4781272
83321
714126
1835795
4029933
44846682
4421316
4489535
4206503
400859
4997888
4006804
154978
3461976
5360568
312721
4071147
404056
4017087
872003
4561587
4072741
450056
1499481
972047
2441808
4330851
293876
1126526
29073648
4059313
1640464
1784777
4458483
2303082
155218
2204687
60775265
5426638
1486530
2911704
10996857
5088051
1738294
2206749
5244124
4053972
10007542
10121957
4533180
3614498
6508293
4243327
6558706
3032153
4598660
4703407
4143737
10239207
6615413
7729869
5580276
879050
2092749
2179414
12397477
3793118
4341202
2982780
5484716
3467725
11410989
2087131
7085577
2560086
4803372
3293984
8157985
13460369
12673561
6259934
345233
4464393
10892563
732179
2915778
14160653
11334768
25628359
29697847
33837172
13724497
32276213
17168757
12394971
10607550
30887778
31241031
29521605
14843484
28277381
23246462
22183259
17804842
16273694
4706386
34123182
28751736
12205437
17051582
10607760
32466267
11489566
35380879
22059358
34436100
14015614
14933316
7845296
32831715
12753005
20983708
16538984
34857259
34391684
5786635
35431062
24338768
26047466
12348141
21480774
18377763
28694032
16494023
20270672
20203516
14468542
23431980
20863492
11837727
7611974
14355353
16874978
12646403
22810576
21887688
22966915
26092870
23707179
25058554
33170840
17653354
20600255
30021725
21858824
13739797
22457442
25284976
22991664
30411489
7606980
25426152
18660645
12355035

22126144
33466010
32904415
21937221
11997679
11528442
11440777
33021822
35267711
30282519
30198623
28829092
12691597
12162099
11703117
11121144
13593836
6201595
16894028
11570531
24482588
12236093
32322899
35980780
14259594
29699072
12450644
22530665
18281619
13862220
30766360
23288602
5800022
24829394
18618120
14931698
6069465
24875784
12359976
11017637
18510236
13711007
38068045
8653835
10925062

14585993
10921684
14384171
13437507
13735916
14142979
14824638
30954730
36559541
4982696
14543332
7599221
17029890
31957956
11710342
16145804
14683638
24852366
16879077
13946074
22084957
11247920
30326747
33380688
30369741
12468166
14362040
13843864
27205918
31507845
11336184
24558821
16567401
11100964
33393698
30588847
28897649
14827603
10267443
17279960
23776628
29736336
11432605
16455899
8358932
11374717
35615691
21819925
25090665
27990797
12257185
27358557
32837119
34374673
33143296
16363619
16756732
22016887
14399317
23446944
13549704
16356427
21790142
24178698
16305926
26931549
20317029
13334229
8344725
30793262
21941817
33301163
36449540
24974811
14075114
33864627
25653396
28111876
26693363
28827932
18224393
30670329
33843452
33441286
16616936
32603535
20680460
17843742
11326640
13702220
28021483
29953884
29302144
11309395
20235192
14672079
13253612
16200330
14470438
17129077
13846108
30129441
11155777
28656400
23768272
24957530
23009014
22771605
25384076
30071940
13199926
31226338
31831012
11965042
10402927
22677124
33068082
18778653
20200242
11012238
16995598
29034664
12653661
28164072
14172180
21351728
14930996
17622731
18872468
31959547
33627878
13186716
34715330
29296738
26725740
16363416
14315482
23032765
16662202
33004117
35384142
23290295
30346712
13075530
18701701
32975975
10323117
32757203
35592136
26324358
35531752
31367334
23691242
31883569
13564307
22642582
40136473
29781331
3428688
5005810
7313437
12593126
7819990
3456587
10437889
7387278
7314349
5110967
9793466
5919594
7312995
18711030
13003989
8042734
16001353
14582540
6726334
13194469
14656617
12198769
17168877
11568850
16121416
16841718
29323119
28075736
14817802
7818307
16397624
7818443
22942591
13777844
20118019
33574589
20235350
13272146
30176555
20232797
31500687
16901327
27036286
23347025
17734032
17049206
20292060
17458911
22374872
18068780
21586366
26868140
32408225
16650040
32229115
21586007
21911458
27764898
27962668
20839348
17281305
34288271
20921590
14628769
18092450
31726686
21846055
25710881
33911231
27842786
29439620
27506768
28989187
21732714
17281558
12678517
20844198
25134153
16105442
22725292
14771206
21737634
18224474
21355552
17543959
25289060
18540165
29473057
12824773
16001921
23034569
16568871
32425170
16551232
10771391
20381189
6494431
8633085
17000407
33129043
10903836
13241801
13962894
7996557
33429292
8652824
8654040
12151023
11748390
12559882
16508427

12614761
35963942
35089183
14155647
32540466
20785757
14537153
27790622
16230459
23217865
10378589
8009870
33752185
8074074
37852172
11054485
11157051
23821716
12669839
13539835
16082737
11341340
13372716
16992941
10545221
8009382
36146868
10377105
31787046
13507707
11189791
22328393
30473225
31457450
33830887
28648647
14724970
25833708
34128887
24012624

8411175
23520980
38110122
7998740
20998252
35579352
36438125
31987570
8538892
24472583
7378023
20286773
18176012
33532549
12241846
32281210
299620066
26208459
22776616
24012600
29088760
30727521
39448853
23089746
5075661
32739587
32238659
33437161
16255283
33200580
25203379
8411165
22136992
29789250
12528060
16538716
11191848
23278588
33270658

27920055
27867749
37440405
29476982
36234546
27655904
25919679
37619463
30330247
27376740
31549791
31894055
29443875
11527250
25570816
23651690
10783986
7870715
16019920
20325984
6041503
8295872
263138827
16958646
10620479
29887344
12802726
23544631
16203853
11051381
33319380
10235702
31646476
13712772
30900917
12156296
28678931
25344141
33598597
2990053
29773520
22565059
8087262
10902600
21355639
11761435
24991386
24234861
26941197
16290958
11053787
8485814
34838123
30111472
12241932
12899396
29126482
12469808
26614576
17647942
10770308
34082584
12241962
126713235
34905105
27422332
23006914
25081774
30827120
23197362
5698475
12334591
14839846
23764355
30329791
23395947
11976893
30125776
6376107
27143354
25780596
35190550
18413285
6389762
7095108
8000994
21755544
16903019
20787637
37732452
13568151
29967755
14641112
13821998
5098327
2607519
10441124
36987063
26393124
35108127
11973199
34316123
26484428
11748612
29921996
21183065
31402850
30659969
31222165
20621223
8277085
11189316
29855846
22772293
10903561
29605542
29208735
7645646
33893972
23265279
13622779
17532081
28489361
31669696
14244427
33414171
26814869
29136756
31667776
4986099
30330216
26787756
29474222
32153213
25118118
5534369
35109886
25754939
24306224
22799303
14505117
12998999
13371501
25891284
35212083
32406335
26482064
35965347
22370717
31558783
6681844
10056022
24703211
13684370
30980370
34318004
20997746
32787853
38182955
30658930
25251033
28583760
14580002
34455755
20267449
10544743
14262769
35528534
24884536
38411041
26151723
22961774
28279833
23460090
27956953
11187356
14678986
33270345
13600911
31669090
33032672
18765055
7957639
17000317
34689530
142956055
14921190
28774044
325410451
35525987
23422560
10446084
11748477
35090735
8410620
27959801
5698451
10772879
8358386
31219114
13154565
20035288
8454871
16083684
10377915
27249628
30940873
14536281
13964924
17531082
37732835
13045528
33894500
6404526
25717201
31219646
37853927
4899775
34441600
22795811
24467629
21967614
12996426
8000961
32245367
20345565
20453508
7998844
13329074
36417906
12872769
30069711
7630557
7646587
32888801
31556641
29188589
26774559
24597687
30970777
10050670
25469319
35090600
12996609
12613461
23459131
10174869
13535790
11278853
33513739
24769416
13939532
16230334
12146842
11977248
14257892
33270361
14365099
24629303
12738287
10906961
16684332
30032725
122190863
7958247
12312312
22272560
35507410
24016545
13930003
13819225
29942763
35529860
17156868
18173644
37822086
32346126
28655773
37618915
14798762
13010862
16409589
28200915
12672822
31703698
11286510
35966585
27141220
13984962
30863793
18573557
37133991
22792269
24471427
28657504
25610667
7646275
31222093
37628949
33359620
25268234
27941203
21394633
25268697
10770377
8645001
17158609
36428709
20454538
14969760
14579082
18402647
5411125
35964426
8598372
23195402
26413136
8410967
25343439
11974964
26178970
21396740
27920488
23460213
31057013
30376190
16157235
12564497
34838061
31414328
35579775
17844127
11976592
11558460
20422072
28985907
25920669
12873906
22565357
7988848
12670184
31357039
29966986
39071230
8009275
10902394
25457393
10771506
12810363
26177408
7999802
38000158
20340604
28853691
22034848
7645988
25267393
12669415
8454147
25757437
10612821
26332728
36144655
25089835
12746135
14537427
8633211
30557092
26484941
7646918
38329190
11051525
16683497
8107215
27959489
32281712
31357754
36356741
22035117
32237751
37732215
11914201
4987124
7825103
16292793
14784805
25203532
8018879
22058145
33666970
18172592
12811257
32876491
37095211
8531049
12510452
22566427
20077994
14809292
24533632
39073530
36430215
24338469
30124420
11003938
12241676
7378013
7962224
6391114
10553362
8427786
11003913
11028967
4692266
31118711
16084073
22098080
12671362
18456941
11122233
11176941
32785782
10047234
21352914
6508994
16744580
28592974
6257253
14409305
22793923
7692155
28269585
26586437
27343597
13821696
31198515
22354584
11745563
30969545
5411315
8313260
10990472
17638533
11745015
22772343
32682248
17004761
18176941
18206867
27076731
28829792
22625638
14408728
10905055
21756818
31669053
24201733
11188413
13151393
36232151
10029456
23231133
22371798
11193828
12244335
11050147
36187174
5669413
30474844
16015341
29217048
7630067
11050839
27685186
18114947
36051092
14748062
7983209
8584951
22373561
7993086
6029373
11831294
21723879
12613777
30900136
17629237
14290955
20424699
17497332
18558624
10545768
16905744
17408034
20996555
25247340
14365997
27034526
11193736
10640581
6258596
32845172
2597118
16751370
13822573
22796439
11051377
11974410
169713597
16058800
8531558
12669293
22163212
7850835
36143938
12384055
6173552
14365418
5594115
26641220
26857936
25117084
14537707
30330149
10377239
11747331
22221400
27933943
10544030

11296515
34482335
13704220
14893085
28442072
13969753
25411686
26694252
28182560
14838836
21395949
33598237
24807600
23052335
16744668
34316141
18494290
23650292
10682791
35572647
29427551
26905988
6679337
16015017
27246415
16907459
6233705
16159589
16506858
14730437
12838395
18629314
12998642
12872207
22576949
11622750
35580210
10902262
16905141
24280739
2220851
27361652
11978704
6397455
16230881
13962144
20675809
27173073
12875819
12244786
11972237
30405748
12319721
14702417
14377625
16506772
86245213
32117458
10652474
32372998
25349688
10532794
27926783
10905603
11899754
25918270
25527691
13152543
20084609
26448124
26852204
20453912
17530392
24450885
33750854
11195506
6716310
13535888
12613339
16740908
27248802
13371949
5494027
22036400
20876473
14515983
25759467
14410473
12510179
36378211
27956391
13537963
18429562
11977600
20552177
21755962
35576611
17842248
34689202
13680453
26179726
31647084
32346032
35965612
11191321
20231624
20231623
12613630
23537077
22036364
12873041
38646460
10377070
14747761
6724143
20373542
27940806
18330055
11055010
12157185
17002890
6298560
6678119
25363299
6494379
28853119
29203508
4986249
25759071
13682967
10046843
21400010
14893055
36145706
11195019
21394879
18174734
16740057
12851833
25737367
24172931
37406721
12998268
20587827
13371082
26957379
20743433
10064995
24281422
35528046
30122298
23824591
13537911
28186158
17627651
11744675
16743630
17384113
26125055
11978932
21403258
10543346
13152358
11943419
6257709
33599383
16683423
11050298
13822353
14537685
17601395
22373406
25891674
6029013
12811671
5995251
17533740
11563325
18865799
18273886
8387868
35576412
5628876
10542245
18067823
13152360
27671116
12995873
14550517
20073020
18630590
28270627
14155875
13539903
32787835
34917124
16159380
13122594
34840279
11193020
25803832
16292635
24500085
25754396
16610923
17384002
20846909
18632506
10253429
25456214
26483103
17002759
27376323
14035521
32035444
16410635
12244499
23979598
34316902
22033610
16158521
8074343
22115093
11193065
13990626
18488011
14219861
30658167
12812119
8468803
29968718
37317851
24471529
12245842
33043096
20438262
16683650
27361196
22036624
16742377
18405869
17385067
18014658
11982671
18408582
16932501
26103031
34290775
22953854
11930441
18396144
6391987
11194655
34278020
20544041
16166005
14154637
16354367
26181625
11194651
28115181
23905176
17368067
13408930
33414363
25081791
13682879
16416616
29054248
28337567
29732826
29253684
10905462
23464766
17155972
13687658
5706082
18714487
21395570
27171223
21619178
36355030
24879879
25247903
32204974
14292424
11488172
25388690
27653879
27653037
18350336
8620417
22984255
17384092
34441398
21966533
32034837
28669325
24777061
31901006
18176825
23231817
8410083
30136047
20438093
35963139
27077441
18329340
22773329
26590248
12244921
13373178
26382222
14892904
17011970
6294827
23824658
25720110
23461575
18329288
6397184
37318559
11190626
17416887
11268104
18014192
24614258
28851589
25784850
12671780
21900034
27014988
22788991
27043617
29029166
11007992
23198044
28116153
25946295
30660934
26393156
11558405
32494900
14838666
17555869
20531174
17385371
23458235
17158037
21393897
14920299
12245269
24367772
14969440
16159283
26641042
20381905
18176303
27013220
14203536
13682830
29088551
31008235
24691691
12613358
26514159
296075206
16906989
16293148
25473317
25202685
30657642
23823052
22560820
23461088
26821596
16904827
16298498
38613727
21695633
20287502
11920722
16744028
29423615
37630187
23039244
32426033
36184706
17781832
29423550
22443933
12901725
22734813
33982569
28127008
16710806
29045320
33843667
30634513
30111612
17173735
12468128
31556155
22183914
11557623
22037860
30436848
17921117
32541382
27325426
22962244
16505949
32467202
34562829
14402948
28558900
23537213
29041748
17769994
33809686
31405146
30558752
32093646
21839088
22163274
11977588
17058288
16856439
29664613
36187165
32284567
33270772
30111511
32157538
24348643
30589895
38333316
34469440
30761550
29310106
32143082
14354870
33319352
22078082
12495982
28866091
27172305
28558598
36447381
26614534
31863698
31863465
17647906
17949491
30241262
18176684
22183812
33320949
25081380
36063396
29794825
22443942
23331884
28949336
28070789
17173723
32226901
12757820
36535552
26593925
33319329
31895123
23388139
24629207
16721521
10516159
16024291
20381665
17457299
28678950
33654887
17575684
26129222
26171256
26171271
13246871
22382151
22989354
36446517
38478009
23460802
14954428
25730917
26514075
32106846
23039214
16508685
27676560
24833230
22564280
24092065
36482405
25471156
39419644
18210289
22382163
37635422
31769198
18274580
25609298
22720775
961877177
39735626
27697645
30630666
32153978
33567560
17034045
7373321
3221918
2794955
6491753
3776079
6660160
3078498
6465751
10683673
2634198
1560685
7002176
3969878
6396262
6485635
6480809
2796508
6357722
7998247
2792322
6454139
3021823
4707361
401869
3885702
2793761
6497302
6385020
7163368
2799041
2644194
1674960
6492332
7379792
1795411
5603019
7326225
14154752
13150752
6483928
24469917
7989254
4017310
6257469
6401167
2994530
2773862
6460153
11978746
6475897
2793751
3859631
6494031
2792189
7030668
13963442
620391
1782076
41056636
44049330
6465702
6355701
6365891
14330625
7989514
2724256
7309811
3887975
6669419
5720373
12265493
12671832
7376335
10377228
13049430
16507088
11557861
20998275
25343533
12810199
28853089
11971651
24367512
18175384
7979826
13044278
12671870
16230968
5404311
13984260
17456462
14441230
17843450
16409716
28010288
34315698
22161938
23231346
24463564
37616890
21396667
25368847
17158024
20380165
23108498
22220811
25095768
29136098
17456197
20649484
20982241
20439990
32541636
14829412
32623866
20785987
21877734
26412915
16384468
14001345
22515103
24884280
29956064
27014394
24944537
18397815
13682216
30099254
24917601
34840474
12244842
322048152
21396459
28149400
31017789
20346534
12840126
27077223
23414867
28271820
32003844
29256746
23460194
32532129
31768955
20446356

10905371
37095535
28653741
25858406
39071213
31856029
25828641
10554404
18172564
13378934
38054616
28849296
24759968
30605482
30472883
24162555
13683440
22697838
19013620
25336394
30124756
31222588
10543384
37766355
38646635
34768140
33893522
18181131
18168199
32151856
11425827
25717050
16326323
25486764
11025097
11470273
10716829
28588622
8535053
22463553
25671743
12492811
24954481
13830728
30959096
20322494
31052211
14716288
28284620
22463209
12492829
20508794
13349761
37328562
23503232
12765056
16456607
21976854
21773595
22840521
20869153
20396936
32733933
13633385
17647508
10716784
36111773
31472560
17436319
30956171
34939586
26489429
30257064
27591477
20780225
16953862
6156647
20508806
28487311
12970258
31529774
21683577
12868734
16065209
5631226
10290700
5683596
5698004
21789300
18030541
13633372
22037004
26601967
16851670
26178496
14628343
35364567
26110330
29853821
33785125
22147114
38621395
28962878
11996023
11217053
24556773
23609951
25096655
32845465
11189326
12623612
24771225
351178299
31064495
21139332
14208651
8414695
13275180
12298760
20745923
25154759
27649476
14583380
10162203
14020137
28365325
26630528
5442665
8575531
13117720
12151614
21154006
18039003
13262557
13490390
12622660
11908192

22628072
22628072
26230611
14874481
17227781
13262273
7702769
23618103
5570610
35329567
17236018
14211043
29160344
12913280
11038300
12460460
23862055
33732485
17438670
29117431
32319713
12801541
25370056
17874640
35072333
16601789
31999407
27476150
11891226
14149884
35422026
16997208
29536024
33812397
12335260
22834619
20760048
11018487
13906071
14327839
32187250
22042400
13388767
31039632
14166434
26494617
13927705
17387051
6959289
28298355
23861478
20191102
29167828
12572547
17322351
27865921
17322355
92754132
33236927
31039882
28803489
13256673
30702477
30663358
22781071
28168791
27820251
31824715
38370299
13200358
38821933
22356455
31897729
18211106
28256083
13896387
30736396
25164308
13271572
31757378
92581742
14376350
27938250
26932102
33897929
8258000
26029733
20229307
14387414
31980611
20684430
38821944
18004442
16413581
12268310
23862448
26607402
28843816
14911260
28987630
31390247
28593529
27048836
23137407
16414109
27204160
28750421
18819149
26238237
25886360
32790681
38400547
26776768
10842789
20011820
21367323
17252080
28725559
12552009
16687602
29550125
12136070
18369600
17283568
22651202
22426071
11924613
27478228
25639893
12715228
20372798
28752234
13572752
29905523
16440061
20771810
13173556
13818737
13445600
26127966
12438735
11348339
13649998
11650834
13406968
11420326
21749157
30943088
25790478
12574218
30759070
16900675
18322644
14430170
17023128
20185487
12034174
22246272
20022354
28351920
31655222
17809644
35723884
4973798
14253105
31443244
21561360
24269724
14597864
20368496
28492578
31326764
14516382
18383793
22759603
24800744
27693207
24204919
35117718
36158969
26515473
24646174
25422641
27434856
32452014
36402118
22829181
17634398
21982947
31601983
22006909
29482370
27860134
33380238
20890265
23351784
28492712
34181017
16761924
30434610
26110597
38359867
28876529
92754117
17142445
16148666
17537968
23953508
18600209
14658945
11597572
11358358
35298091
27888316
30528387
28913187
23480623
16024412
22504532
13888563
21834292
12580295
20956687
14882560
18811536
13076761
17879218
21773191
28635977
13365538
16381389
16287148
25986271
27603384
16954902
33932979
21854692
11420955
20050039
26174252
27794346
12258340
11266315
11356136
32531350
16989753
22676932
8402574
10602615
13218178
26533187
28441793
33473868
16048812
27072098
16930708
14620246
6055387
26174316
16810904
30038157
20229247
22834120
16381212
22321970
14602189
14010577
12986150
26546181
16668629
22508727
27769953
38532091
28328525
13442386
38072625
30639549
18331043
11806842
26169595
12257249
21344883
13441954
17455728
20090814
23944928
11348382
18466194
30990958
29057616
11267492
17380120
11715332
25512051
28987981
26107920
17611748
14246857
22929449
16996159
14251432
27380171
11285597
12472916
10851112
12381846
10107926
32857141
18341952
17795118
12504162
25682179
26997878
12371025
16024416
36274981
14639047
32526933
17687408
93744343
35561589
11857457
17147858
21678267
16125873
14210977
17184133
13522201
11981758
38913249
34590355
13711363
10771271
13932541
14034256
20647123
26827541
26666858
24289000
16181522
11164633
25245979
10864981
26222018
14658795
10209739
12009300
20644321
28116456
27288619
17691453
30369166
29297073
22756494
20937597
10478128
22387429
14581265
23551555
22344656
11621193
17691146
16524241
27781140
14661642
11420997
23665836
14620809
23602417
30028914
27788844
24657919
13243967
20050167
31433511
25128177
22706168
22310286
27995033
16912133
28861076
25310415
39422604
27765785
30815315
27660844
12438640
39211100
35440861
39762367
38199345
36087578
31447446
14995848
28011265
17127414
20566440
28710933
33621001
23253275
23534604
30994905
31234631
33298941
25250295
23753230
16414247
23205726
14875291
12916325
13816059
18504789
21318368
33189196
17834763
23603517
28750264
17645030
11917776
12587657
14630962
13862440
12961381
17867246
13424667
12412244
37929960
37371414
2598997
18003183
11730691
24964085
17654360
21528277
14782954
21668152
11636198
21493370
14782297
11917584
26365022
12271088
8144077
16730123
28828640
28267961
18552495
14635968
20880626
32287710
14807688
21681672
17834578
20059891
6496082
1037544
397879
4113354
60726970
3080347
388364
1083105
3255729
3012545
3634576
5119810
2776595
5137980
40424
5138558
4103321
4805271
1923159
6971093
4777493
3264530
3732083
6151756
2952367
5262166
2577082
1670049
4338989
7134228
60819055
5687085
5111418
2645114
4756903
4758868
4457579
1470401
93477944
4040689
1665987
84422
5898588
5009557
4674701
1737078
4387911
4473262
396387
12785353
5010738
4445721
5612141
8467284
3455440
3458553
561372
2352379
1661362
7013081
5172035
6313920
2421613
1970685
3240680
5446525
4827710
5580633
92565313
84425
13976030
1756597
11172517
6426180
3191699
4336401
1887193
2594031
4770281
3499754
3156660
7133686
2089071
30082045
26442836
14658822
29265139
29265774
27087557
27085243
21456768
22344008
30821345
20664565
25116144
17617395
13724154
34338600
31834717
28620173
29422028
20296508
16136638
16681625
22344630
22724378
34215165
16844691
11022801
16027702
18424575
21003799
23139954
30794767
13208118
12302340
28941772
29704323
29624249
20015799
14096432
20636929
32895416
29591792
22819112
18462872
17455423
18414543
22696494
16043532
17479287
30886053
28227844
10807525
20388011
27780516
22311205
23028565
20325525
17886456
16600467
17638927
22981586
25310543
17862343
23876048
29676734
28164065
32358699
18469796
30813894
16689857
16835178
25474226
32702209
18286077
21784000
16055803
31680015
21441597
20822901
24554393
22090438
21466312
14793002
14454329
20478933
25609544
32289660
18313670
23221745
21828872
21175772
23523639
29774558
11443429
35081675
14915579
29636069
33458297
28941001
20880685
23304993
28321426
17638990
21836069
20199825
16268943
22493306
13775138
22974734
14902355
24694137
20429745
20312941
27831487
20743786
26238238
22237009
31659838
17768120
22458531
23861997
26719259
14147581
11443123
14875594
31390121
22149842
25358351
37053180
35025484
25914928
13348985
130381114
32466645
22799103
40090104
22571857
21852476
323259092
26194256
24727158
20198781
26564932
34997205
31776799
38843404
34214876
32536808
17839035
31393566
34515939
13297565
11443340
28436089
34748477
18199176
30653043
35950831
39162713
17893548
13235564
24831613
35707337
38891408
24378724
13355041
34779789
14384847
24851613
12240666
22680396
7613079
17034875
34515323
22113759
37843837
31670279
18604876
13046697
10648710
22106381
21924870
11623001
13529085
34102582
16004008
34181012
34835235
23702325
34853396
26597450
14548519
93277274
32961180
25809674
14034102
16112656
33472881
21729028
35958710
35804258
37144409
21751299
16112316
21677682
17998630
26477759
30245023
32977625

23525573
10980638
14567001
14832645
12307852
16262046
17169694
23136806
26106421
21598246
23806031
29764376
14699738
13227312
23950240
24999041
25554229
14905633
26216002
27616786
26468337
14861318
11217057
24641029
25160991
13138973
23343879
11522412
13766993
16733379
10208598
12253390
20184877
30751572
18323671
25570259
24641239
17569558
23770342
27384066
25720356
5384668
10254328
13327653
29131856
13660563
29953513
16733554
33051383
17620863
12253771
11635139
20864011
32998727
25191114
28868302
26539130
12752596
14340724
24892057
10076168
14770240
18360022
14723762
28127622
24041133
23829938
28327734
22798930
26223696
24572864
23136801
33857414
31956569
26250248
12758749
22029537
4643838
23756403
16826712
14464567
27280197
259108060
21161180
24891973
18333144
10517118
12291317
24669183
8785227
13916634
29278224
33850666
33998567
35610835
17569140
34770186
35499080
23281352
23438258
29385020
12964752
16153695
7109582
2722602
9748252
4427298
21706495
23525573
16625024
14045980
16011629
14179925
32117422
13119206
14791848
16479791
37413794
12901023
16640540
11281841
16868071
35513037
12681150
30692087
23713820
20805219
37519817
18430564
23994925
24983327
23712854
10271503
24961494
10736359
30889459
30056295
34872679
33094848
24326234
29214873
31012323
26764690
23098848
17128310
24511792
10272040
13259326
6220202
25782047
17274402
17274420
10318321
14002982
11814214
21376934
25272567
27590794
22829768
14566367
27985356
23067988
287740293
22412192
11951989
28733943
31167106
16122310
12691306
36168968
29622361
10482093
29884356
14570861
34113377
32576272
16067935
36582557
22089005
34232739
10043172
20113730
38166762
16849401
32161386
34917539
29537832
24381423
11680594
31288213
35553657
17509855
18623939
29375551
23180372
32178114
13998383
10907587
28511119
27842263
12294884
31285567
28341127
16059114
10736432
31505646
32316356
28005189
14191514
29222600
32085722
11177265
12162210
10942450
20195959
16635865
19496562
22559332
14467607
27411892
13387255
27949706
25766934
22136293
17421537
25123309
14122054
26287281
30967161
14041126
30352046
31227355
23439225
5874576
18861803
14474688
13453677
34288131
20993814
29188625
13569646
6162895
13722804
13879709
16616698
7935086
23536537
16990685
35878165
26732621
34747320
5872804
10205683
11111111
13716519
11487457
38758163
13177502
23095866
8513519
13469276
12948236
13716910
11091792
13035444
39088087
12052804
30924273
12841984
26495770
32812401
13469949
33823187
13540090
33578678
16751902
31546707
30767519
24398564
37486780
31949972
22981921
35143720
35616051
36582459
14764579
13716641
10482028
27647081
0
12794936
39086674
24279059
13609781
11524350
12929477
5589008
32019867
30536666
30817662
31084420
18586909
26296540
8512356
11680480
29327004
33007787
24633524
8456756
37413524
17410407
12435310
30904997
31491122
18080095
27895928
12223386
38476208
0
35877677
31816707
36999382
21371513
32355091
10036599
11797217
21379586
23245526
17621327
33705433
26872101
12138958
16564009
27615227
11665292
29788164
18662751
31247311
6902516
6556534
5079686
5579356
10978363
6822366
6784676
6841659
8146237
4782180
6925377
6837159
8144337
3337096
4138539
13453913
3358344
5130331
3612561
3046606
7804423
6838807
6822501
3043978
6915530
8352201
5668386
6876561
3046109
3338466
6438342
68362
11795715
6868353
6836047
6864289
12435009
6860736
3042630
8367957
6845124
4140231
3047317
2516661
2265527
6823712
6825688
14764514
6882833
6868959
6876278
3051215
8355879
3633441
4139330
6821288
1914999
4118444
6841075
6846123
4051292
6826381
3615920
6449569
1975920
6881309
7025219
6861008
13292203
11487358
10540130
10540309
6838231
5624315
8512898
12948245
3051323
11281828
10350749
6896643
13387663
4409551
8344142
10564769
13996619
11964166
6279435
1608387
6047166
3685280
6768396
4113296
4137460
94101343
10540083
10272942
6907185
8072053
11243518
6861860
7662462
6878933
2940687
6872014
10130611
8469218
3033946
6855337
6906507
93059767
6867640
3696705
6859192
8325864
10621328
8072282
6869845
6225666
4704868
2514908
8149762
3043906
6856920
6895650
4985812
6146965
6281260
4113551
6862868
12223451
3598342
6888283
6634233
3047219
6900799
10482065
6390311
3344762
23849430
16208247
25585408
24277583
11648334
20786264
17598415
21704184
23408479
13992684
24034636
24034636
16820921
168820921
14925676
23489626
26922811
28861577
30672906
11486268
34430715
26536183
22361071
29617700
34952845
26828584
24866357
25782460
31549280
18647870
33565802
11809375
25793119
27519324
31816363
22811356
26045973
18571820
22979824
30987994
33761072
20220859
10540126
16059161
22559008
28511516
16616652
13085659
14248332
21379068
29572947
18080266
29326461
29083306
30920507
28079718
14582458
25585363
27101714
22179331
13396516
35927065
25542223
24207811
13469813
16992016
36591920
33052573
17453465
12053161
33968462
27036872
24486168
13760860
27300662
22237681
20562370
18595471
26210093
26219269
21645568
5404523
26545640
23792397
23408479
13569242
25587090
26295553
28410223
14811060
26055482
13049211
29107962
8282073
24932867
25935253
32068125
24740286
22402627
23339331
30345291
22597819
14528891
22941898
31645066
27765748
23387962
23980705
17336444
14135601
22788867
29112532
20897247
28267585
30203005
21933713
22004781
20424433
20199009
28689768
34748682
18268945
12715754
29974298
16882522
18555355
17295320
32315998
29681651
28399254
24866029
26829602
31285348
28511397
21379252
32399566
22677759
22941497
20953281
24754398
23735156
12783174
24192685
37966948
32901897
16908035
22603151
17509570
28806857
21740386
18207592
29500957
13273412
17214413
32281850
27298444
20556837
22316401
32110729
29649804
18366436
18289093
11814238
34232796
22998982
17922114
16477249
6893964
33009458
11556007
34014910
11379519
31439909
22037064
30322110
25765455
29605505
31565260
34495616
28471302
37976260
31277023
13631949
33285670
23578048
28961369
28913549
26855866
27859066
29121393
28913244
22342719
27443523
25546927
24645144
23895453
29969789
26276269
24590815
14604469
32831671
12772333
22342253
32405627
31908486
23619492
12772612
20100850
14243992
31484777
13008625
14649112
17850009
26941252
23190105
34904354
13182893
16350223
21423411
16048046
17963150
31995281
21960719
25307352
24223529
29090720
12026923
10999909
17897493
11312724
11034176
11619768
24656201
17887722
26582942
11183855
10954617
22160932
27466104
23578397
13631717
12772311
29405745
30164041
13883288
29447635
12756470
26936905
27599447
23619138
32937510
17963128
33698845
23190953
10502458
29346330
33503076
26711593
31016636
11807066
22729655
5679916
14357093
25307831
1,11111E+11
30558276
28676633
10911268
29473053
11219124
18459250
22892788
20776603
17487646
14424547
32831195
22558405
28590264
25907491
24592768
26564049
32846069
32669281
29447264
20288698
13183510
14604844
14104155
32188800
16666482
10771082
21398649
20189668
28913418
26941001
36269361
16156175
26410100
17850089
6195236
12756576
14634879
26150447
21425345
14830026
13353926
13043967
37080916
32510000
13223641
13024134
3805173
33624004
17724349
32405541
14792671
32327614
13353646
14357074
12499702
31997123
11556381
16048370
14604172
14604648
12865382
21663012
26467077
29598180
37290102
11556383
17277653
37703166
34824984
37440757
12133473
20882225
23975697
30322798
21839567
40044883
33684472
23857120
31017141
29855149
13668131
12729987
11200772
13270703
31017178
11584184
31232591
13883436
22514701
36703758
22102429
18294910
33009072
27011475
30609251
14604722
18395494
14094790
11556709
20552899
35443193
35707384
11636342
33563024
27215771
24399623
22514648
26628138
34587232
20968514
16787639
14094750
14689913
11030000
26332433
2581588
10875614
35706597
32833203
30782368
25032360
12756967
20288343
20882679
14094811
12772512
32509349
12729967
21512067
32096168
12499600
18439780
30829373
34680183
12499453
16048379
14448121
32833652
13043193
31706045
10281852
29447903
34111075
13668816
14828527
31017165
22514373
24852638
33129932
32831355
12756588
34648607
20402616
22737248
27006011
23880920
33130327
14949605
32096056
11111111111
13668728
22514676
34495962
25307812
22761564
16981070
16872839
32509584
31271124
27835428
17615752
14364082
31232120
27813771
31484988
37290882
27340908
23587642
14830153
25382004
12284548
12284787
17963598
17530505
11071045
28575929
18071081
27466475
12284765
14718882
20100952
17121664
16787893
20251844
14094258
16616688
3689070
5359979
4618532
2361040
1501207
5953689
3004677
3004413
5919793
5344037
2786484
3548302
5915044
5942992
5730084
8142731
5896431
5321532
577765
5896486
5798119
5909399
3004597
6211235
6212435
1496367
2314361
5952654
4823462
5929626
3244610
2815673
1680498
5909425
5372368
893085
2075013
5360834
3244674
2272791
5921873
32096225
4543384
5903148
10499816
5899463
5736532
5360710
4701615
5927898
5916312
5358840
2370880
5938327
5936159
5940554
3929032
16048013
5911605
5367080
2085918
5913409
4719641
5899386
2435828
2367044
5917680
5899823
5361833
5942563
4514399
3736319
5928129
6617867
5362234
5887837
2366969
5357721
5903233
2073754
3007008
7176377
10074506
5899243
2363110
738899
5349141
5954840
5627420
11807902
11556504
1501645
2810040
4597305
2272827
10698803
23134555
12876740
6627691
422299
3924335
5953567
5812529
5913365
5919561
6293354
5945704
5128954
3052532
4211595
3244590
5953606
2762062
3603544
5348158
13631479
5943711
12284545
5357837
5906126
1369731
5337031
3728009
5345026
119359
3576656
6212544
3700840
5947695
10499469
3700887
3576905
5716013
3939033
4543377
4719704
4211229
3244253
10229719
3795307
20189031
6211445
2971474
4924737
5925683
3938451
577488
11586528
5912509
4267262
2809045
3727059
6540793
3244530
5943653
1427930
7897336
8785663
5927691
1498299
5921717
3244619
5829075
3754212
1445555
2964752
5716581
9990279
2366065
5337027
12499251
3244364
5915199
2370648
10074420
5859665
3610488
4701359
1680096
4701006
4275482
5007535
5337346
10681093
10666629
5165218
6668589
11333284
3548268
2763224
5890740
11352291
5345703
5905297
31908226
23024793
10699925
14299396
26276871
27464675
25043463
28963928
34141856
27812062
11352996
28109814
23493743
30859423
28678176
25684346
16328497
24831646
14672255
37562137
14241276
14639255
11479236
23906713
35015117
13197308
14826598
28804021
23383211
24748769
21796994
32733988
22166353
34367123
18499318
21723741
27488078
23800303
24184593
27752007
27979056
27057969
8543713
8547652
10848386
33720917
12513826
24600053
17412410
32735862
36929610
242945881
18760948
13197025
13280903
16365578
27979175
12207682
20679808
28610731
18551073
24723318
16804934
29241757
30255486
14985606
21306278
31141857
21300212
16801598
17493527
20177022
18600302
27483645
17378001
34450522
16211907
27585311
14309150
17877171
22583000
20939824
22273527
17823330
22090110
22488057
22216949
37704502
20913842
17675578
20784931
11082837
22488220
33378210
20119144
26764796
16879203
26054069
32697333
29928309
20049136
33120355
20928214
16731091
16731221
17478803
23053171
25178888
25808528
11012253
8569894
16503786
14399340
17143372
31608993
25570520
27936324
36332984
21790273
31260877
8311393
17888825
14399825
16060589
17143445
13334151
12971813
12658147
16605434
28944998
25839958
20048603
26172375
14256959
13946211
16731030
8656760
23620483
12904709
13617746
33177410
12495472
23934340
27802970
25175090
13617895
30967400
20680024
38012453
22259564
25981484
34559665
17143445
29441653
24536729
32274275
18537989
32332092
22260928
13836601
20529490
14806434
14122058
17212546
12791518
14412054
11610146
16731370
16926146
26745794
13704017
26456675
20500738
16060427
20500747
18397475
20317294
20656974
22600850
5512053
12605945
10858233
20680414
26727018
26572773
26404344
21624937
30490932
17000046
13704448
21974647
10847186
21506532
27056660
14399465
33530699
24271764
21030355
25114908
6295819
24185063
30005678
20317445
29920489
26948730
27230676
32838563
36183642
24560814
10977181
12057287
11913912
21624980
18277142
20561751
24095241
23424270
28329268
13334407
25282889
26183709
23209536
31367762
17143399
13504602
13946577
11611182
12070911
20317390
12070545
14295595
17281559
13334066
16731348
33120565
16605369
12070562
16731232
10999796
21527765
16605535
17888534
29302051
28501689
13946187
20226274
14172194
22845668
32274376
12836122
11521553
32528113
22123967
28342845
17888824
27516055
28215279
16305521
16422847
13946553
24695426
17592034
23209605
23208405
17143177
12397226
12836530
18601652
25178802
24072537
21889122
16968801
24633202
14748267
21974847
23066407
29631218
34200555
14526422
37355963
23941593
24370510
5465562
6743980
2863528
10847285
7338656
5440321
1190438
3030209
5647440
5423649
11521374
7848598
1450111
5438089
2438207
5457563
4570856
11113645
13334389
5482554
10803969
4090300
10474971
5669726
24924820
20271853
26948974
17210717
23941362
22329787
28086363
27771101
28055068
23209784
17143357
12870903
22295420
23378461
26183746
22934093
27618819
25039557
22934094
22047358
24536808
12070977
16060325
13946571
13704057
20928234
12252885
24271930
12836126
17478783
18277093
29103622
21618597
18572256
28498401
34035901
12868780
23742571
28202177
31848172
32474574
27410384
34552221
24816270
23293366
20515762
21623677
12590495
30959551
17201899
11879254
22790218
18141463
20192272
27348383
28834644
21817432
23677249
32701847
17202190
12590743
33129030
37798075
36545578
32908854
14974877
28834498
13990063
29529423
32140672
8508833
17201890
12362196
30188031
23357204
17905719
17559677
26246041
14879247
17559658
32908851
13644462
34541581
11102360
27129365
37579452
28036985
31435668
31125948
12590413
30156554
10948783
11412493
20147102
35081920
32476875
16726310
30998026
26205610
34144459
14336526
31849873
12181504
21651778
25303717
30788195
23142589
29697419
35454461
32265864
25469869
11879323
13990393
21898582
31458100
36196901
24990363
16897993
16556028
6323730
6339060
6336227
3762915
6334996
20166298
21307083
22710987
24046006
23059960
21928675
22290975
16008190
20525880
20193531
20430727
22745461
18021961
17430773
18246986
22131417
18115727
17497537
18246854
24354945
22745145
22268688
23397221
12144059
11865433
32064915
24521045
14950789
16529826
13727399
17105875
34414545
30835843
26100887
30661722
11715421
29833716
13241841
14132224
31301469
12762613
21913640
26163773
13221652
17112739
21013765
31104150
20150721
26094037
24996917
14624209
23646782
36680786
23954968
16653955
13090073
30130387
32015468
34762798
14132251
27933814
30766786
13949792
22843604
13967997
25698072
32064921
25490679
33814903
12134102
11689999
13727314
13268735
16484518
26038501
17496728
33006426
13955405
16018254
31301235
20243048
14967160
12750024
13967983
14132484
13129363
12281711
14334711
12144358
12762579
12264719
32015048
31301128
35182226
32550776
13268531
30538025
30030134
14624216
12092150
33361350
13129380
16530297
29176735
12762631
29056544
35545263
25686738
14132308
29836385
13834823
13241865
32680168
33483590
30030079
33814209
12863107
34371459
14983442
34414334
32097404
34414626
13268474
31301197
12659903
35915114
16484456
12993569
30310521
32208353
27185320
14955312
29347768
31914792
13344926
16274025
6633362
6622784
2967377
3857533
6625560
6616338
6619746
6628021
6624190
2898887
7782732
6629980
6621580
6636135
6617060
6522461
6622751
7665594
6781100
5538161
6528037
6630539
5555581
6619631
2965435
6625706
6624074
6618497
6625600
6633399
1559661
7782884
2964155
6675293
6572008
6362393
6634284
6616805
6622782
6637726
6630594
2899103
6632592
8008918
6173555
6634980
7788078
6623830
6630604
4629057
3245941
6620758
16116716
24969045
35545045
25825204
17771424
20556350
24182918
29335787
37775258
33403129
16505801
13660550
34445735
13346512
24092881
22295580
25761644
29743309
18010225
14022216
13578933
24817852
31228049
26030941
24351093
22056980
29337241
14453491
27479047
11081328
11539862
20773909
25078969
10640461
31949231
26153988
12553772
22056897
21319737
30690980
13318010
32044642
36487885
14900168
17376259
26451880
27972120
14176364
28038872
28220311
26701132
29366218
20985346
20683703
16887671
13347757
29276714
24453727
21792795
10493394
8172644
7046926
7211849
4418749
7259331
6047094
10451511
7985614
17376259
3762561
12729944
6343391
20247577
28906949
28932090
14660786
21317389
16722171
20125332
16465432
17747802
16910539
18431625
17652123
17028299
30662273
14374052
17629958
18117066
26260332
21576693
14729190
10874275
29686003
17513219
17720647
10793821
29393583
11752586
20882384
8508134
14981669
18069310
22172130
16382434
16852126
31115351
6091499
5993317
3233238
4771453
3309257
3166293
6194979
1046460
6309692
6419723
6191930
6197559
7152522
14440597
11524239
12700243
25854954
0
21624835
26321217
23790375
18466958
21081576
13919349
32864369
22477694
21528656
36006226
21962067
23961717
25171420
24397314
11907959
21885723
31961956
26066760
22347435
33599211
33562586
26460863
14396920
28157776
23427448
34171588
30786802
34827373
14305296
25046175
24701746
30786458
24488065
34267216
32274516
23695838
14976696
12147941
37445875
25497179
25904072
22215577
16466470
20825063
27770989
26152812
20149409
20948309
17462567
12261910
28217881
34745408
13316701
12147406
13377768
31418955
20319828
23929433
26594614
28257996
22967053
26074036
29048433
24523663
11676517
30786364
32533599
12959779
11692966
27102485
29979895
24732339
14393112
20317183
32397215
30938998
24817110
14471688
13089343
11789920
23877381
25397069
24539606
17179855
28770069
11942982
13734938
25898549
11490071
14394440
30991142
25848780
17726052
18037829
32425209
13750022
28010067
30598696
32769554
11414973
21797777
16926773
22235374
30090272
13614189
1220029
8260378
17659451
24417510
14318247
31193814
8703665
32126437
25569429
8396488
22506304
12156826
16415673
18353127
29886353
13320834
32981383
31378591
22895814
18294989
37351191
28669873
13905746
5362688
1172776
5529155
5357442
5362629
5357179
5355839
4101871
5355815
3235503
24030180
31550216
12059185
11413948
0
14544489
13244104
30598694
11138843
18590259
28766667
14122837
13824977
30379070
20945203
21871185
27691904
24339005
21871445
31708529
22944220
22985966
12632540
30880920
20064341
26775868
12632396
17221418
22292511
30001360
21867345
11158333
32067505
32425465
32800120
27394978
11158418
32618246
25197854
11329539
6038445
35775175
16220013
23650877
13824886
32181441
16712854
14416081
1,11111E+11
12970647
12561413
31708128
27827457
14416208
22671425
12717266
13750162
23779516
20721349
18295051
13750184
25394684
22203052
26067326
26682433
21354469
37355728
25710203
24649684
30532004
32883061
27750729
25138378
26727356
37665630
33634606
35059648
28055217
29115541
22816239
11190902
36393182
32220144
35604267
22744152
32271359
24134213
31198743
21354659
24449083
23401750
98999999
27771339
24879277
10561094
38445409
37067669
25681461
14859661
31914821
28390360
25085451
31563496
31020209
23998513
24811524
13160567
12836352
16460376
30835479
17250249
22527326
28502759
13046705
17418823
12478459
22495165
23445109
29165677
7567906
7296569
1896672
2045319
5147100
35575526
24793531
16134215
32057207
30976340
29692071
16644729
12049915
32777617
30412815
20436199
17269130
31274295
23422121
16543735
27406447
20370629
21927886
25710770
33185201
21357644
24260191
29193465
35887754
37395454
32281509
22039666
26381639
21930476
23792748
24370628
17447316
21384137
32720163
26442017
32720065
28513614
26939398
13007760
27113012
27994468
26295221
27884242
11704961
29655035
30485781
28356618
27994307
21389037
28870500
33744201
32189667
25442109
25442237
31316940
16644009
31020386
23082654
24996742
28381115
14326678
20008350
31472296
25724794
17336985
30052150
21587917
35887359
24986125
17868451
24860258
18114890
22576094
14311726
25683918
22787945
29012675
28550865
28295632
7621065
25527004
10803481
33345381
28789458
31148844
33340822
13988025
23401527
31261167
28664754
32013053
12738857
37865004
25583340
30566275
13720622
21120563
13988452
14399552
29073648
35887998
34765684
35887643
18065331
16425255
16194328
24969071
26094003
491894
1418714
3513840
7026413
7071636
7053020
7018339
7057931
3622425
9488183
9301826
7044509
7049225
9490428
138145
961481
8750342
7038590
6994720
5148100
13847209
2533655
8764929
6612464
3633622
7065998
7067047
4418108
808273
3571058
13848951
7271537
7035962
6481194
3603507
6971313
13339956
12161951
17858706
12414302
12870864
13848653
14358134
14084014
17614369
17268589
21328244
12352184
13279856
30268638
11238091
8446890
11909435
39699059
22332721
14387900
17613791
21613175
11707603
16314058
32934478
16132181
12247420
20307062
21339630
23042864
20900619
13950761
12247709
17563514
14385191
21744814
17677039
21336497
18408742
23019323
16309305
13216756
20311589
20433680
10910659
16851541
12608412
16147765
13956200
13956971
29602325
20108178
22490202
13883807
10521827
10958068
10714583
21398133
17352923
18765833
13344647
26939313
33429235
28960700
35198988
22190548
22067270
33835440
31479535
31184076
25191427
33964736
13675344
29639307
32456618
24575281
22422766
13259698
3225074
6789151
6807928
6797212
6815593
689293
10958016
6786358
6790835
6648418
6813586
10043734
6813581
6908372
25311126
12341628
11914672
38751974
14497633
10250056
36414903
29833940
10954646
25394169
10337475
33429217
25870399
30206606
24191203
5897680
13435957
14497384
16778656
10521981
4606330
11613134
13435946
11914291
34104401
20134019
34859297
29419337
33816259
17391173
11296760
8484565
34859294
31184281
10367666
10731609
6264636
35475737
30687658
18464683
26213716
8686756
14035313
31347114
39994118
37090842
16133393
8686780
23066030
35018700
31104492
27953835
31184105
37090284
5180761
21910382
12231388
29181590
20326943
32288109

35915743
27394548
10040023
33816373
27953906
12883479
26214435
12883038
31761697
24719107
17698784
25394769
30407303
5266364
33391112
10323565
24991497
21988263
30099204
24990123
31748039
23655077
23158016
18565597
14497244
14497344
24991377
33099150
6654052
6808071
11731957
27394537
27897440
28997447
5987080
12503974
34104395
10323695
10547557
34859130
25870173
10958134
29639326
12341531
20326746
23226133
11112016
4960740
25870170
31873500
10640817
36414607
31310808
17047835
13442826
